bedrooms:3.2888888888888888 2.96 3.617777777777778
bathrooms:2.033333333333333 1.8299999999999998 2.236666666666667
sqft_living:2124.822222222222 1912.34 2337.3044444444445
sqft_lot:57319.1 51587.19 63051.01
floors:1.5 1.35 1.6500000000000001
waterfront:0.0 0.0 0.0
view:0.08888888888888889 0.08 0.09777777777777778
condition:3.511111111111111 3.16 3.8622222222222224
grade:7.433333333333334 6.69 8.176666666666668
sqft_above:2007.3777777777777 1806.64 2208.1155555555556
sqft_basement:117.44444444444444 105.7 129.1888888888889
